6 22
0.000 0.250 4.000 1.000 0.000 0.000 0.000
0.000 0.000 0.000 1.000 0.000 0.000 0.000
-2.000 1.000 0.000 1.000 0.000 0.000 0.000
0.500 0.750 0.000 1.000 0.000 0.000 0.000
0.700 0.000 0.000 1.000 0.000 0.000 0.000
-0.500 0.750 0.000 1.000 0.000 0.000 0.000
-0.700 0.000 0.000 1.000 0.000 0.000 0.000
0.375 -0.750 0.000 1.000 0.000 0.000 0.000
0.000 -1.000 0.000 1.000 0.000 0.000 0.000
-0.375 -0.750 0.000 1.000 0.000 0.000 0.000
0.000 -1.000 0.000 1.000 0.000 0.000 0.000
0.000 0.750 0.000 1.000 0.000 0.000 0.000
2.000 1.000 0.000 1.000 0.000 0.000 0.000
0.500 0.750 0.000 1.000 0.000 0.000 0.000
0.700 0.000 0.000 1.000 0.000 0.000 0.000
-0.500 0.750 0.000 1.000 0.000 0.000 0.000
-0.700 0.000 0.000 1.000 0.000 0.000 0.000
0.375 -0.750 0.000 1.000 0.000 0.000 0.000
0.000 -1.000 0.000 1.000 0.000 0.000 0.000
-0.375 -0.750 0.000 1.000 0.000 0.000 0.000
0.000 -1.000 0.000 1.000 0.000 0.000 0.000
0.000 0.750 0.000 1.000 0.000 0.000 0.000
0.000 0.250 5.371 1.000 0.000 0.000 0.000
0.000 0.000 0.000 1.000 0.000 0.000 0.000
-2.000 1.000 0.000 1.000 0.000 0.000 0.000
0.500 0.750 0.000 1.000 0.000 0.000 0.000
0.700 0.000 0.000 1.000 0.000 0.000 0.000
-0.500 0.750 0.000 1.000 0.000 0.000 0.000
-0.700 0.000 0.000 1.000 0.000 0.000 0.000
0.375 -0.750 0.000 1.000 0.000 0.000 0.000
0.000 -1.000 0.000 1.000 0.000 0.000 0.000
-0.375 -0.750 0.000 1.000 0.000 0.000 0.000
0.000 -1.000 0.000 1.000 0.000 0.000 0.000
0.000 0.750 0.000 1.000 0.000 0.000 0.000
2.000 1.000 0.000 0.716 0.000 0.000 0.699
0.500 0.750 0.000 1.000 0.000 0.000 0.000
0.700 0.000 0.000 1.000 0.000 0.000 0.000
-0.500 0.750 0.000 1.000 0.000 0.000 0.000
-0.700 0.000 0.000 1.000 0.000 0.000 0.000
0.375 -0.750 0.000 1.000 0.000 0.000 0.000
0.000 -1.000 0.000 1.000 0.000 0.000 0.000
-0.375 -0.750 0.000 1.000 0.000 0.000 0.000
0.000 -1.000 0.000 1.000 0.000 0.000 0.000
0.000 0.750 0.000 1.000 0.000 0.000 0.000
0.000 0.250 5.371 1.000 0.000 0.000 0.000
0.000 0.000 0.000 1.000 0.000 0.000 0.000
-2.000 1.000 0.000 1.000 0.000 0.000 0.000
0.500 0.750 0.000 1.000 0.000 0.000 0.000
0.700 0.000 0.000 1.000 0.000 0.000 0.000
-0.500 0.750 0.000 1.000 0.000 0.000 0.000
-0.700 0.000 0.000 1.000 0.000 0.000 0.000
0.375 -0.750 0.000 1.000 0.000 0.000 0.000
0.000 -1.000 0.000 1.000 0.000 0.000 0.000
-0.375 -0.750 0.000 1.000 0.000 0.000 0.000
0.000 -1.000 0.000 1.000 0.000 0.000 0.000
0.000 0.750 0.000 1.000 0.000 0.000 0.000
2.000 1.000 0.000 0.014 0.000 0.000 1.000
0.500 0.750 0.000 1.000 0.000 0.000 0.000
0.700 0.000 0.000 1.000 0.000 0.000 0.000
-0.500 0.750 0.000 1.000 0.000 0.000 0.000
-0.700 0.000 0.000 1.000 0.000 0.000 0.000
0.375 -0.750 0.000 1.000 0.000 0.000 0.000
0.000 -1.000 0.000 1.000 0.000 0.000 0.000
-0.375 -0.750 0.000 1.000 0.000 0.000 0.000
0.000 -1.000 0.000 1.000 0.000 0.000 0.000
0.000 0.750 0.000 1.000 0.000 0.000 0.000
0.000 0.250 6.776 1.000 0.000 0.000 0.000
0.000 0.000 0.000 1.000 0.000 0.000 0.000
-2.000 1.000 0.000 0.687 0.000 0.000 0.726
0.500 0.750 0.000 1.000 0.000 0.000 0.000
0.700 0.000 0.000 1.000 0.000 0.000 0.000
-0.500 0.750 0.000 1.000 0.000 0.000 0.000
-0.700 0.000 0.000 1.000 0.000 0.000 0.000
0.375 -0.750 0.000 1.000 0.000 0.000 0.000
0.000 -1.000 0.000 1.000 0.000 0.000 0.000
-0.375 -0.750 0.000 1.000 0.000 0.000 0.000
0.000 -1.000 0.000 1.000 0.000 0.000 0.000
0.000 0.750 0.000 1.000 0.000 0.000 0.000
2.000 1.000 0.000 0.014 0.000 0.000 1.000
0.500 0.750 0.000 1.000 0.000 0.000 0.000
0.700 0.000 0.000 1.000 0.000 0.000 0.000
-0.500 0.750 0.000 1.000 0.000 0.000 0.000
-0.700 0.000 0.000 1.000 0.000 0.000 0.000
0.375 -0.750 0.000 1.000 0.000 0.000 0.000
0.000 -1.000 0.000 1.000 0.000 0.000 0.000
-0.375 -0.750 0.000 1.000 0.000 0.000 0.000
0.000 -1.000 0.000 1.000 0.000 0.000 0.000
0.000 0.750 0.000 1.000 0.000 0.000 0.000
-0.000 0.250 6.776 0.983 0.011 0.182 0.005
0.000 0.000 0.000 1.000 0.000 0.000 0.000
-2.000 1.000 0.000 0.687 0.000 0.000 0.726
0.500 0.750 0.000 1.000 0.000 0.000 0.000
0.700 0.000 0.000 1.000 0.000 0.000 0.000
-0.500 0.750 0.000 1.000 0.000 0.000 0.000
-0.700 0.000 0.000 1.000 0.000 0.000 0.000
0.375 -0.750 0.000 1.000 0.000 0.000 0.000
0.000 -1.000 0.000 1.000 0.000 0.000 0.000
-0.375 -0.750 0.000 1.000 0.000 0.000 0.000
0.000 -1.000 0.000 1.000 0.000 0.000 0.000
0.000 0.750 0.000 1.000 0.000 0.000 0.000
2.000 1.000 0.000 0.014 0.000 0.000 1.000
0.500 0.750 0.000 1.000 0.000 0.000 0.000
0.700 0.000 0.000 1.000 0.000 0.000 0.000
-0.500 0.750 0.000 1.000 0.000 0.000 0.000
-0.700 0.000 0.000 1.000 0.000 0.000 0.000
0.375 -0.750 0.000 1.000 0.000 0.000 0.000
0.000 -1.000 0.000 1.000 0.000 0.000 0.000
-0.375 -0.750 0.000 1.000 0.000 0.000 0.000
0.000 -1.000 0.000 1.000 0.000 0.000 0.000
0.000 0.750 0.000 1.000 0.000 0.000 0.000
-0.000 0.250 6.776 0.992 0.012 -0.122 0.001
0.000 0.000 0.000 1.000 0.000 0.000 0.000
-2.000 1.000 0.000 0.687 0.000 0.000 0.726
0.500 0.750 0.000 1.000 0.000 0.000 0.000
0.700 0.000 0.000 1.000 0.000 0.000 0.000
-0.500 0.750 0.000 1.000 0.000 0.000 0.000
-0.700 0.000 0.000 1.000 0.000 0.000 0.000
0.375 -0.750 0.000 1.000 0.000 0.000 0.000
0.000 -1.000 0.000 1.000 0.000 0.000 0.000
-0.375 -0.750 0.000 1.000 0.000 0.000 0.000
0.000 -1.000 0.000 1.000 0.000 0.000 0.000
0.000 0.750 0.000 1.000 0.000 0.000 0.000
2.000 1.000 0.000 0.014 0.000 0.000 1.000
0.500 0.750 0.000 1.000 0.000 0.000 0.000
0.700 0.000 0.000 1.000 0.000 0.000 0.000
-0.500 0.750 0.000 1.000 0.000 0.000 0.000
-0.700 0.000 0.000 1.000 0.000 0.000 0.000
0.375 -0.750 0.000 1.000 0.000 0.000 0.000
0.000 -1.000 0.000 1.000 0.000 0.000 0.000
-0.375 -0.750 0.000 1.000 0.000 0.000 0.000
0.000 -1.000 0.000 1.000 0.000 0.000 0.000
0.000 0.750 0.000 1.000 0.000 0.000 0.000
